#Niveaux faciles
Grille 0 (8;6) :
0 0 0 0 0 0 
0 0 5 0 0 0 
0 1 0 2 0 0 
0 0 0 0 0 4 
5 0 0 0 0 0 
0 0 2 0 1 0 
0 0 0 0 0 3 
0 0 0 0 0 0 
Grille 1 (8;6) :
0 0 0 0 8 0 
0 1 0 3 0 0 
3 0 0 0 0 0 
0 0 0 0 0 0 
0 0 0 0 0 0 
0 3 0 0 0 0 
2 0 0 0 0 0 
0 0 0 0 2 0 
Grille 2 (8;6) :
0 0 0 0 7 0 
0 0 0 0 0 0 
0 2 0 1 0 0 
0 0 4 0 0 0 
0 0 0 0 0 0 
0 0 0 0 0 0 
0 0 0 0 0 4 
3 0 2 0 0 0 
Grille 3 (8;6) :
0 0 0 0 7 0 
0 4 0 2 0 0 
0 0 0 0 0 0 
0 3 0 0 0 0 
0 0 0 0 0 0 
0 0 2 0 0 0 
0 1 0 0 0 0 
0 0 0 3 0 0 
Grille 4 (8;6) :
0 0 0 0 0 0 
0 4 0 0 0 5 
0 0 0 0 2 0 
0 0 0 0 0 0 
3 0 0 0 0 0 
0 0 0 0 3 0 
0 0 0 0 0 2 
0 2 0 0 0 0 
Grille 5 (10;7) :
0 6 0 0 2 0 5 
0 0 1 0 0 0 0 
0 0 0 0 0 0 0 
0 0 0 0 0 0 0 
0 0 0 0 0 0 0 
0 0 0 4 0 0 0 
0 0 4 0 0 0 2 
0 0 0 0 0 2 0 
0 0 0 2 0 0 0 
0 0 3 0 0 0 0 
Grille 6 (10;7) :
0 4 0 0 0 0 4 
0 0 2 0 1 0 0 
0 0 0 0 0 0 0 
0 0 0 4 0 4 0 
0 0 0 0 0 0 0 
0 0 0 0 0 0 0 
0 0 0 4 0 0 0 
4 0 0 0 1 0 0 
0 0 0 0 0 0 0 
0 0 0 0 0 4 0 
Grille 7 (10;7) :
0 0 0 0 0 6 0 
0 0 0 0 2 0 0 
0 2 0 0 0 0 0 
0 0 0 2 0 0 0 
0 3 0 0 0 0 0 
0 0 0 0 1 0 4 
0 0 3 0 0 0 0 
0 0 0 2 0 0 0 
0 0 0 0 0 1 0 
0 0 3 0 0 0 0 
Grille 8 (10;7) :
0 0 2 0 0 3 0 
3 0 0 0 0 0 0 
0 0 0 0 1 0 0 
0 0 2 0 0 0 2 
0 0 0 0 0 0 0 
2 0 0 4 0 0 0 
0 0 2 0 0 0 0 
0 0 0 3 0 0 1 
0 0 0 0 0 0 0 
0 4 0 0 0 2 0 
Grille 9 (10;7) :
0 0 0 0 0 0 0 
0 0 0 4 0 0 0 
0 0 0 0 0 0 0 
0 0 1 0 2 0 0 
0 0 0 0 0 7 0 
2 0 0 0 0 0 0 
0 0 0 0 0 0 0 
0 6 0 0 0 2 0 
4 0 0 0 4 0 0 
0 0 0 0 0 0 0 
Grille 10 (10;7) :
0 0 0 0 0 0 2 
0 0 0 0 0 0 0 
0 4 0 0 0 0 0 
5 0 0 0 0 0 7 
0 0 3 0 0 0 0 
0 0 0 2 0 0 0 
0 0 0 0 0 0 0 
0 0 0 4 0 0 0 
0 0 2 0 0 0 0 
1 0 0 0 0 0 0 
#Niveaux Moyens
Grille 100 (10;7) :
0 0 0 0 0 4 0 
0 0 4 0 1 0 0 
0 0 0 0 0 0 0 
2 0 0 2 0 0 0 
0 0 0 0 9 0 0 
0 0 0 0 0 0 0 
0 0 0 0 0 0 0 
0 0 2 0 3 0 1 
0 0 0 0 0 0 0 
2 0 0 0 0 0 0 
Grille 101 (10;7) :
0 0 0 0 0 0 0 
0 6 0 0 0 0 0 
0 0 0 0 1 0 3 
6 0 0 2 0 0 0 
0 0 0 0 0 2 0 
0 0 0 0 0 0 5 
0 0 0 0 0 0 0 
0 0 0 0 2 0 0 
0 0 0 0 0 0 0 
3 0 5 0 0 0 0 
Grille 102 (10;7) :
4 0 0 0 2 0 0 
0 0 0 0 0 4 0 
0 0 0 0 0 0 0 
0 0 0 0 0 0 0 
0 0 0 2 0 0 1 
0 0 1 0 0 2 0 
0 0 0 0 0 0 0 
0 0 0 0 0 0 0 
9 0 0 4 0 0 0 
0 0 0 0 0 0 2 
Grille 103 (11;8) :
0 0 0 0 0 0 0 0 
0 0 0 0 0 0 0 0 
0 0 2 0 0 0 0 0 
5 0 0 3 0 0 6 0 
0 0 0 0 0 0 0 0 
0 9 0 4 0 0 0 0 
0 0 2 0 0 0 0 7 
0 0 0 0 0 5 0 0 
0 0 0 0 0 0 0 0 
0 0 0 0 0 0 0 0 
0 0 0 0 0 0 0 0 
Grille 104 (11;8) :
0 6 0 0 0 0 0 0 
0 0 0 0 0 0 0 0 
0 1 0 0 0 0 0 0 
0 0 0 0 0 0 0 0 
0 0 0 4 0 2 0 0 
0 0 5 0 0 0 0 6 
0 0 0 0 0 5 0 0 
0 0 0 0 2 0 0 0 
0 0 0 0 0 0 0 0 
4 0 5 0 0 0 0 0 
0 0 0 0 0 0 0 0 
Grille 105 (11;8) :
0 0 0 0 0 0 0 0 
2 0 0 0 0 0 6 0 
0 0 0 0 3 0 0 0 
0 0 0 2 0 0 0 0 
0 0 0 0 0 0 0 0 
0 0 0 0 3 0 0 0 
0 6 0 0 0 0 0 4 
0 0 0 0 0 2 0 0 
0 0 0 0 3 0 0 0 
0 0 0 0 0 2 0 0 
0 0 0 0 9 0 0 0 
Grille 106 (11;8) :
4 0 0 0 0 0 0 0 
0 0 0 2 0 0 0 0 
0 0 0 0 0 0 0 4 
0 3 0 0 0 0 1 0 
0 0 2 0 0 3 0 0 
0 0 0 0 0 0 0 0 
0 0 0 0 0 0 0 0 
0 0 0 0 0 0 0 0 
0 0 0 0 2 0 0 0 
0 0 0 0 0 0 0 0 
5 0 0 0 0 8 0 9 
Grille 107 (11;8) :
0 0 0 0 0 0 0 0 
10 0 0 0 0 0 0 0 
0 2 0 0 0 0 7 0 
0 0 0 0 0 0 0 0 
0 0 0 2 0 0 0 0 
0 0 2 0 0 0 0 0 
0 0 0 0 0 0 3 0 
0 0 0 0 0 0 0 0 
0 0 0 0 0 0 0 0 
0 0 2 0 0 0 6 0 
4 0 0 0 6 0 0 0 
Grille 108 (11;8) :
0 0 0 0 0 9 0 7 
0 0 0 0 0 0 0 0 
0 0 0 2 0 0 0 0 
0 0 0 0 2 0 0 0 
0 0 0 0 0 0 0 0 
0 0 0 3 0 0 0 0 
0 0 0 0 2 0 0 0 
0 4 0 0 0 0 0 0 
0 0 0 0 0 0 4 0 
0 0 6 0 0 0 0 0 
0 0 0 0 0 0 0 3 
Grille 109 (13;9) :
0 6 0 0 0 0 4 0 0 
0 0 0 0 0 6 0 0 0 
0 0 0 0 0 0 0 2 0 
0 0 0 0 2 0 0 0 0 
0 0 0 0 0 0 0 0 0 
0 2 0 2 0 0 0 6 0 
0 0 0 0 0 0 0 0 7 
0 0 5 0 0 0 0 0 0 
0 0 0 0 3 0 0 0 0 
0 0 0 0 0 0 0 0 0 
0 0 3 0 0 0 0 0 0 
0 0 0 0 0 0 0 0 0 
0 0 0 0 0 0 0 5 0 
Grille 110 (13;9) :
0 0 0 0 0 0 3 0 0 
5 0 0 0 0 4 0 0 0 
0 0 0 0 0 0 2 0 0 
0 0 0 0 0 6 0 0 0 
0 0 0 0 0 0 2 0 0 
0 0 0 0 0 0 0 0 4 
0 0 0 1 0 0 0 0 0 
0 0 0 0 0 0 0 0 0 
0 0 0 3 0 0 0 0 0 
0 0 6 0 0 0 0 0 7 
0 0 0 0 0 2 0 0 0 
0 0 0 3 0 0 0 0 0 
0 0 0 0 0 4 0 0 0 
#Niveaux Difficiles
Grille 200 (11;8) :
0 0 2 0 0 5 0 0 
0 0 0 0 2 0 0 0 
0 3 0 0 0 0 0 0 
0 0 0 3 0 0 0 0 
0 0 0 0 0 0 0 0 
0 0 5 0 0 0 0 3 
4 0 0 0 0 0 0 0 
0 0 0 0 0 0 0 0 
0 0 0 0 0 0 0 0 
0 0 2 0 3 0 0 0 
0 0 0 0 0 5 0 0 
Grille 201 (11;8) :
5 0 0 5 0 0 0 0 
0 0 0 0 0 0 0 0 
0 0 0 0 3 0 0 0 
0 4 0 5 0 0 0 0 
0 0 0 0 0 0 0 3 
0 0 0 0 0 0 0 0 
0 0 0 0 2 0 0 0 
0 0 0 0 0 2 0 0 
0 0 0 2 0 0 0 0 
0 0 0 0 0 0 0 0 
0 0 0 0 0 0 0 13 
Grille 202 (13;9) :
0 0 0 0 0 0 0 0 0 
10 0 0 0 0 0 0 0 0 
0 0 0 0 5 0 2 0 0 
0 0 0 0 0 0 0 0 2 
0 0 3 0 0 0 0 0 0 
0 0 0 0 0 0 3 0 0 
0 0 0 2 0 0 0 0 0 
0 0 4 0 0 0 0 0 0 
0 0 0 0 0 1 0 0 0 
0 0 0 0 0 0 0 5 0 
0 0 0 2 0 0 0 0 4 
0 6 0 0 0 0 2 0 0 
0 0 0 0 0 0 0 0 0 
Grille 203 (13;9) :
2 0 0 0 2 0 0 0 4 
0 0 0 0 0 2 0 0 0 
0 0 0 0 0 0 0 0 0 
0 0 0 0 2 0 0 0 0 
0 0 0 0 0 0 1 0 0 
0 0 6 0 0 0 0 0 0 
5 0 0 3 0 0 2 0 0 
0 0 0 0 0 0 0 0 6 
0 0 0 0 5 0 0 2 0 
4 0 0 0 0 0 0 0 0 
0 0 0 0 0 0 0 0 0 
0 0 0 0 0 0 2 0 0 
2 0 0 0 2 0 0 0 2 
Grille 204 (13;9) :
0 0 0 0 0 0 0 0 0 
0 0 0 0 0 0 0 0 0 
0 6 0 0 0 0 0 6 0 
0 0 0 0 0 0 2 0 2 
0 2 0 0 0 0 0 0 0 
0 0 0 0 0 2 0 0 0 
0 2 0 0 0 0 0 0 0 
0 0 0 0 6 0 6 0 0 
4 0 0 0 0 0 0 0 0 
0 0 0 2 0 0 0 0 2 
0 0 0 0 0 2 0 0 0 
0 0 4 0 0 0 1 0 0 
0 0 0 0 0 0 0 2 0 
Grille 205 (13;9) :
0 0 0 0 0 0 0 0 0 
0 0 12 0 0 0 0 0 0 
0 0 0 0 3 0 0 2 0 
0 0 0 0 0 0 3 0 0 
0 0 0 2 0 0 0 0 0 
0 0 0 0 0 0 0 0 0 
0 0 3 0 0 0 0 0 3 
0 0 0 0 0 0 0 0 0 
0 0 0 5 0 0 4 0 0 
0 0 0 0 0 0 0 0 0 
0 0 2 0 3 0 0 0 0 
0 0 0 0 0 3 0 0 0 
5 0 2 0 0 0 0 0 0 
Grille 206 (13;9) :
0 0 0 5 0 0 0 0 0 
3 0 0 0 0 0 0 0 3 
0 0 0 0 0 0 8 0 0 
0 0 0 0 0 0 0 0 0 
0 0 5 0 0 0 0 0 0 
0 0 0 0 2 0 0 0 0 
2 0 0 0 0 0 0 0 0 
0 0 0 0 0 3 0 0 0 
0 0 0 0 0 0 0 0 0 
0 0 0 0 3 0 0 0 0 
0 0 0 0 0 0 0 0 0 
0 0 5 0 0 6 0 0 0 
6 0 0 0 0 0 4 0 0 
Grille 207 (13;9) :
0 0 0 0 0 0 0 0 8 
0 4 0 0 0 0 0 0 0 
5 0 0 0 0 5 0 0 0 
0 0 0 0 0 0 0 0 0 
0 0 0 0 0 0 0 0 0 
0 0 0 0 0 0 0 0 0 
0 5 0 0 0 3 0 0 0 
0 0 0 0 0 0 0 0 0 
0 0 0 0 0 0 0 0 0 
0 0 0 4 0 0 0 5 0 
0 6 0 0 0 0 0 0 0 
5 0 0 0 0 8 0 0 0 
0 0 0 0 0 0 0 0 0 
Grille 208 (13;9) :
0 0 3 0 0 2 0 0 0 
0 0 0 0 2 0 0 0 0 
0 5 0 0 0 0 0 0 0 
0 0 0 7 0 0 0 0 0 
0 0 0 0 0 0 0 0 5 
0 0 0 0 0 0 0 0 0 
0 0 0 2 0 0 0 0 0 
0 0 0 0 2 0 0 0 0 
0 0 2 0 0 0 0 0 0 
3 0 0 0 0 0 6 0 7 
0 7 0 0 0 0 0 0 0 
0 0 0 0 0 0 0 0 0 
0 0 0 0 0 0 0 0 0 
Grille 209 (13;9) :
0 0 2 0 0 0 0 0 4 
0 0 0 3 0 0 0 0 0 
0 0 0 0 0 0 0 0 0 
0 0 0 0 0 0 0 2 0 
0 0 0 6 0 0 6 0 0 
0 0 0 0 0 0 0 0 3 
0 0 2 0 0 0 0 0 0 
0 0 0 0 0 0 0 0 0 
0 0 0 0 0 0 0 0 0 
0 0 2 0 0 6 0 0 0 
0 0 0 0 0 0 0 7 0 
0 0 0 0 0 0 0 0 5 
8 0 0 0 0 0 0 0 0 
Grille 210 (13;9) :
0 0 2 0 0 0 0 0 4 
0 0 0 3 0 0 0 0 0 
0 0 0 0 0 0 0 0 0 
0 0 0 0 0 0 0 2 0 
0 0 0 6 0 0 6 0 0 
0 0 0 0 0 0 0 0 3 
0 0 2 0 0 0 0 0 0 
0 0 0 0 0 0 0 0 0 
0 0 0 0 0 0 0 0 0 
0 0 2 0 0 6 0 0 0 
0 0 0 0 0 0 0 7 0 
0 0 0 0 0 0 0 0 5 
8 0 0 0 0 0 0 0 0 
